33,90
33,89
33,88
33,87
33,86
33,85
33,84
33,83
33,82
33,81
33,80
33,79
33,78
33,77
33,76
33,75
33,74
33,73
33,72
33,71
33,70
33,69
33,68
33,67
33,66
33,65
33,64
33,63
33,62
33,61
33,60
33,59
33,58
33,57
33,56
33,55
33,54
33,53
33,52
33,51
33,50
33,49
33,48
33,47
33,46
33,45
33,44
33,43
33,42
33,41
33,40
33,39
33,38
33,37
33,36
33,35
33,34
33,33
33,32
33,31
33,30
33,29
33,28
33,27
33,26
33,25
33,24
33,23
33,22
33,21
33,20
33,19
33,18
33,17
33,16
33,15
33,14
33,13
33,12
33,11
33,10
33,9
33,8
33,7
33,6
33,5
33,4
33,3
33,2
33,1
33,0
32,3
32,2
32,1
32,0
31,26
31,25
31,24
31,23
31,22
31,21
31,20
31,19
31,18
31,17
31,16
31,15
31,14
31,13
31,12
31,11
31,10
31,9
31,8
31,7
31,6
31,5
31,4
31,3
31,2
31,1
31,0
30,22
30,21
30,20
30,19
30,18
30,17
30,16
30,15
30,14
30,13
30,12
30,11
30,10
30,9
30,8
30,7
30,6
30,5
30,4
30,3
30,2
30,1
30,0
29,26
29,25
29,24
29,23
29,22
29,21
29,20
29,19
29,18
29,17
29,16
29,15
29,14
29,13
29,12
29,11
29,10
29,9
29,8
29,7
29,6
29,5
29,4
29,3
29,2
29,1
29,0
28,26
28,25
28,24
28,23
28,22
28,21
28,20
28,19
28,18
28,17
28,16
28,15
28,14
28,13
28,12
28,11
28,10
28,9
28,8
28,7
28,6
28,5
28,4
28,3
28,2
28,1
28,0
27,9
27,8
27,7
27,6
27,5
27,4
27,3
27,2
27,1
27,0
26,4
26,3
26,2
26,1
26,0
25,4
25,3
25,2
25,1
25,0
24,6
24,5
24,3
24,2
24,1
24,0
23,3
23,2
23,1
23,0
7,3
5,3
4,3
3,2
2,2
1,2
0,9
33,91
33,92
33,94
33,95
33,97
33,98
33,100
33,102
33,103
33,105
33,106
33,108
33,110
33,111
33,113
33,114
33,116
33,117
33,119
33,121
33,122
33,124
33,125
33,127
33,129
33,130
33,132
33,192
33,194
33,195
33,197
33,199
33,200
33,202
33,203
33,205
33,257
34,0
34,2
34,3
34,5
34,6
34,8
34,10
34,11
34,13
34,14
34,16
34,18
35,0
35,2
35,3
36,0
36,2
36,3
37,1
37,2
37,3
37,0
36,1
35,4
35,1
34,17
34,15
34,12
34,9
34,7
34,4
34,1
33,256
33,204
33,201
33,198
33,196
33,193
33,131
33,128
33,126
33,123
33,120
33,118
33,115
33,112
33,109
33,107
33,104
33,101
33,99
33,96
33,93
1,45
3,44
2,44
1,44
3,43
2,43
1,43
3,42
2,42
1,42
3,41
2,41
1,41
3,40
2,40
1,40
3,39
2,39
1,39
3,38
2,38
1,38
3,37
2,37
1,37
3,36
2,36
1,36
3,35
2,35
1,35
3,34
2,34
1,34
3,33
2,33
1,33
3,32
2,32
1,32
3,31
2,31
1,31
3,30
2,30
1,30
3,29
2,29
1,29
3,28
2,28
1,28
3,27
2,27
1,27
3,26
2,26
1,26
3,25
2,25
1,25
3,24
2,24
1,24
3,23
2,23
1,23
3,22
2,22
1,22
3,21
2,21
1,21
3,20
2,20
1,20
3,19
2,19
1,19
3,18
2,18
1,18
3,17
2,17
1,17
3,16
2,16
1,16
3,15
2,15
1,15
3,14
2,14
1,14
3,13
2,13
1,13
3,12
2,12
1,12
3,11
2,11
1,11
3,10
2,10
1,10
3,9
2,9
1,9
3,8
2,8
1,8
3,7
2,7
1,7
3,6
2,6
1,6
3,5
2,5
1,5
3,4
2,4
1,4
3,3
3,0
2,3
2,0
1,3
1,0
0,6
0,0
0,47
0,46
0,49
0,48
0,45
0,12
0,10
0,8
0,11
0,5
0,7
0,4
0,3
